adverse_event	n_all_samples	n_positive_samples	n_negative_samples
pyrexia	1840	562	1278
vomiting	1797	466	1331
dyspnoea	1736	383	1353
nausea	1730	451	1279
diarrhoea	1712	404	1308
anaemia	1698	408	1290
asthenia	1688	385	1303
abdominal_pain	1666	410	1256
condition_aggravated	1654	472	1182
pneumonia	1653	447	1206
dizziness	1640	367	1273
oedema_peripheral	1632	351	1281
headache	1625	409	1216
malaise	1617	339	1278
rash	1610	374	1236
hypotension	1596	421	1175
sepsis	1594	416	1178
loss_of_consciousness	1591	360	1231
hypertension	1577	365	1212
dehydration	1566	338	1228
chest_pain	1565	331	1234
fatigue	1559	372	1187
cough	1557	280	1277
general_physical_health_deterioration	1555	436	1119
decreased_appetite	1545	351	1194
constipation	1544	357	1187
urinary_tract_infection	1542	347	1195
respiratory_failure	1542	413	1129
fall	1540	298	1242
pain	1538	363	1175
haemoglobin_decreased	1536	331	1205
tachycardia	1532	411	1121
weight_decreased	1532	331	1201
erythema	1531	338	1193
infection	1520	279	1241
renal_failure	1511	391	1120
aspartate_aminotransferase_increased	1511	471	1040
somnolence	1507	293	1214
pruritus	1507	315	1192
alanine_aminotransferase_increased	1506	468	1038
back_pain	1505	317	1188
thrombocytopenia	1499	395	1104
pain_in_extremity	1493	281	1212
convulsion	1491	312	1179
chills	1488	297	1191
pleural_effusion	1488	385	1103
drug_interaction	1480	455	1025
oedema	1480	303	1177
confusional_state	1479	329	1150
tremor	1478	290	1188
atrial_fibrillation	1477	286	1191
hypersensitivity	1468	319	1149
abdominal_pain_upper	1459	255	1204
arthralgia	1454	302	1152
renal_failure_acute	1454	386	1068
abdominal_distension	1449	294	1155
hypoaesthesia	1448	318	1130
dysphagia	1443	293	1150
muscular_weakness	1443	257	1186
pulmonary_embolism	1442	271	1171
gait_disturbance	1436	276	1160
hyperhidrosis	1423	277	1146
blood_pressure_decreased	1422	328	1094
syncope	1419	287	1132
anxiety	1410	330	1080
white_blood_cell_count_increased	1402	292	1110
insomnia	1395	253	1142
platelet_count_decreased	1393	326	1067
blood_creatinine_increased	1392	312	1080
cardiac_arrest	1389	325	1064
heart_rate_increased	1387	245	1142
drug_ineffective	1384	312	1072
hypokalaemia	1384	330	1054
cardiac_failure	1383	306	1077
blood_pressure_increased	1382	233	1149
pulmonary_oedema	1380	318	1062
deep_vein_thrombosis	1380	260	1120
palpitations	1378	270	1108
chest_discomfort	1377	254	1123
bronchitis	1371	301	1070
paraesthesia	1370	256	1114
cellulitis	1369	353	1016
depression	1365	286	1079
blood_alkaline_phosphatase_increased	1363	349	1014
staphylococcal_infection	1358	303	1055
myalgia	1354	221	1133
epistaxis	1353	219	1134
off_label_use	1349	317	1032
urticaria	1338	266	1072
vision_blurred	1337	285	1052
hyponatraemia	1337	295	1042
white_blood_cell_count_decreased	1333	313	1020
multi-organ_failure	1330	339	991
renal_impairment	1329	340	989
septic_shock	1326	315	1011
neutropenia	1326	311	1015
cholelithiasis	1323	260	1063
hypoxia	1323	332	991
speech_disorder	1318	233	1085
depressed_level_of_consciousness	1315	351	964
gastritis	1314	241	1073
pancytopenia	1314	327	987
muscle_spasms	1313	250	1063
liver_function_test_abnormal	1312	266	1046
feeling_abnormal	1310	235	1075
arrhythmia	1303	193	1110
haemorrhage	1302	175	1127
lymphadenopathy	1302	272	1030
hepatic_enzyme_increased	1302	201	1101
oxygen_saturation_decreased	1302	261	1041
haematuria	1299	282	1017
swelling	1298	261	1037
inflammation	1298	255	1043
weight_increased	1298	275	1023
respiratory_distress	1297	307	990
agitation	1292	246	1046
disorientation	1291	252	1039
gastrointestinal_haemorrhage	1291	200	1091
haematocrit_decreased	1291	282	1009
neuropathy_peripheral	1289	286	1003
contusion	1285	237	1048
leukopenia	1280	295	985
bradycardia	1278	300	978
blood_glucose_increased	1276	134	1142
blood_urea_increased	1272	258	1014
vertigo	1271	215	1056
lung_disorder	1271	231	1040
blood_bilirubin_increased	1268	306	962
rash_erythematous	1264	228	1036
dysuria	1256	227	1029
dysarthria	1255	231	1024
ascites	1255	286	969
blister	1254	220	1034
coma	1254	268	986
liver_disorder	1254	322	932
c-reactive_protein_increased	1254	315	939
overdose	1251	236	1015
lethargy	1249	246	1003
blood_potassium_decreased	1248	209	1039
abdominal_discomfort	1247	206	1041
pallor	1246	240	1006
drug_hypersensitivity	1246	255	991
jaundice	1245	273	972
swelling_face	1245	215	1030
respiratory_disorder	1244	194	1050
gastrointestinal_disorder	1242	190	1052
musculoskeletal_stiffness	1240	221	1019
hyperglycaemia	1238	257	981
sinusitis	1238	265	973
musculoskeletal_pain	1237	214	1023
balance_disorder	1236	197	1039
gamma-glutamyltransferase_increased	1234	363	871
urinary_retention	1229	242	987
cerebrovascular_accident	1228	184	1044
hypoglycaemia	1226	198	1028
acute_myocardial_infarction	1225	203	1022
hepatic_failure	1225	268	957
nasopharyngitis	1223	200	1023
neck_pain	1222	237	985
cardiomegaly	1220	283	937
cardio-respiratory_arrest	1218	283	935
amnesia	1217	171	1046
aphasia	1216	216	1000
skin_exfoliation	1215	248	967
cardiac_failure_congestive	1215	255	960
dyspepsia	1215	200	1015
pancreatitis	1214	200	1014
myocardial_infarction	1213	195	1018
alopecia	1213	225	988
memory_impairment	1212	195	1017
oropharyngeal_pain	1212	198	1014
medication_error	1212	266	946
pneumonia_aspiration	1211	265	946
stomatitis	1208	241	967
renal_disorder	1206	203	1003
visual_impairment	1205	202	1003
red_blood_cell_count_decreased	1204	225	979
leukocytosis	1198	248	950
gastroenteritis	1198	277	921
disease_progression	1196	200	996
productive_cough	1196	205	991
transient_ischaemic_attack	1195	180	1015
asthma	1195	159	1036
haemoptysis	1194	204	990
thrombosis	1193	156	1037
skin_ulcer	1193	212	981
cardiac_disorder	1192	160	1032
dyspnoea_exertional	1191	218	973
herpes_zoster	1191	203	988
mitral_valve_incompetence	1189	263	926
angina_pectoris	1189	165	1024
haematemesis	1189	200	989
shock	1189	281	908
haematochezia	1189	168	1021
pulmonary_hypertension	1188	256	932
blood_sodium_decreased	1187	199	988
gastrooesophageal_reflux_disease	1183	195	988
cerebral_infarction	1181	252	929
visual_acuity_reduced	1181	198	983
restlessness	1179	206	973
acute_respiratory_distress_syndrome	1179	249	930
cerebral_haemorrhage	1177	234	943
encephalopathy	1176	216	960
skin_discolouration	1175	213	962
hepatitis	1175	251	924
acute_respiratory_failure	1175	234	941
upper_respiratory_tract_infection	1174	285	889
skin_lesion	1174	250	924
joint_swelling	1173	170	1003
pericardial_effusion	1173	236	937
anorexia	1172	290	882
wheezing	1172	172	1000
death	1171	254	917
rectal_haemorrhage	1171	195	976
rash_generalised	1171	184	987
treatment_noncompliance	1170	208	962
rash_pruritic	1170	169	1001
blood_lactate_dehydrogenase_increased	1169	295	874
diabetes_mellitus	1168	238	930
urinary_incontinence	1167	226	941
hepatic_steatosis	1167	275	892
mental_disorder	1167	175	992
blood_creatine_phosphokinase_increased	1166	277	889
atelectasis	1166	312	854
abasia	1165	168	997
burning_sensation	1165	203	962
bone_pain	1160	191	969
viral_infection	1155	199	956
nephrolithiasis	1154	218	936
circulatory_collapse	1154	243	911
body_temperature_increased	1154	164	990
sinus_tachycardia	1153	264	889
dyskinesia	1153	216	937
hallucination	1152	204	948
sleep_disorder	1152	186	966
local_swelling	1151	180	971
cyanosis	1149	254	895
no_therapeutic_response	1147	199	948
chronic_obstructive_pulmonary_disease	1147	235	912
influenza	1144	181	963
post_procedural_complication	1144	226	918
face_oedema	1142	229	913
hyperkalaemia	1142	187	955
coronary_artery_disease	1140	239	901
haematoma	1140	177	963
bacterial_infection	1139	206	933
delirium	1137	231	906
dry_skin	1136	206	930
dysgeusia	1134	154	980
pollakiuria	1133	191	942
hepatic_function_abnormal	1132	357	775
metabolic_acidosis	1132	252	880
incorrect_dose_administered	1131	141	990
osteoarthritis	1131	249	882
coagulopathy	1130	211	919
dysphonia	1128	122	1006
hypothyroidism	1128	183	945
rhinorrhoea	1128	151	977
mental_status_changes	1127	272	855
discomfort	1126	137	989
arthritis	1126	205	921
renal_failure_chronic	1125	243	882
disseminated_intravascular_coagulation	1124	310	814
pancreatitis_acute	1124	234	890
generalised_oedema	1123	188	935
feeling_hot	1121	151	970
febrile_neutropenia	1120	207	913
ventricular_tachycardia	1120	234	886
gastric_ulcer	1120	169	951
dry_mouth	1120	196	924
intestinal_obstruction	1119	213	906
fungal_infection	1116	199	917
mobility_decreased	1115	167	948
rhabdomyolysis	1111	265	846
anaphylactic_reaction	1109	243	866
diplopia	1107	183	924
tinnitus	1106	172	934
hemiparesis	1106	180	926
cystitis	1105	176	929
colitis	1103	197	906
influenza_like_illness	1102	191	911
cardiomyopathy	1100	228	872
skin_disorder	1099	189	910
ileus	1099	251	848
injury	1098	289	809
fluid_retention	1098	168	930
nervous_system_disorder	1096	151	945
neutrophil_count_decreased	1094	209	885
interstitial_lung_disease	1094	289	805
haemorrhoids	1093	236	857
blood_albumin_decreased	1093	215	878
grand_mal_convulsion	1093	193	900
eczema	1093	231	862
rash_macular	1093	157	936
lung_infiltration	1093	224	869
pneumothorax	1092	199	893
electrocardiogram_qt_prolonged	1092	230	862
unresponsive_to_stimuli	1091	230	861
malnutrition	1091	266	825
pulmonary_congestion	1090	202	888
cataract	1090	194	896
blood_potassium_increased	1090	159	931
hot_flush	1089	130	959
international_normalised_ratio_increased	1088	127	961
malignant_neoplasm_progression	1088	196	892
sudden_death	1087	218	869
cognitive_disorder	1087	166	921
stress	1087	233	854
hypophagia	1087	189	898
feeling_cold	1087	131	956
head_injury	1086	171	915
myocardial_ischaemia	1086	207	879
impaired_healing	1086	187	899
pruritus_generalised	1086	151	935
melaena	1084	172	912
cholecystitis	1084	182	902
epilepsy	1082	202	880
ventricular_extrasystoles	1082	190	892
unevaluable_event	1081	177	904
irritability	1080	179	901
disturbance_in_attention	1079	170	909
transaminases_increased	1079	222	857
abnormal_behaviour	1076	210	866
drug_toxicity	1076	241	835
deafness	1073	168	905
activities_of_daily_living_impaired	1072	135	937
flatulence	1071	174	897
lung_infection	1071	210	861
ventricular_fibrillation	1068	225	843
hyperlipidaemia	1068	292	776
rash_maculo-papular	1066	235	831
hepatomegaly	1065	232	833
respiratory_arrest	1064	189	875
heart_rate_decreased	1061	157	904
migraine	1061	208	853
rash_papular	1061	174	887
chromaturia	1060	171	889
respiratory_tract_infection	1060	168	892
altered_state_of_consciousness	1057	245	812
osteomyelitis	1056	229	827
blood_cholesterol_increased	1055	223	832
blood_pressure_systolic_increased	1054	161	893
abscess	1053	175	878
ejection_fraction_decreased	1053	218	835
eye_disorder	1049	142	907
presyncope	1048	194	854
aggression	1047	184	863
blindness	1047	174	873
disease_recurrence	1047	172	875
blood_calcium_decreased	1046	165	881
dialysis	1042	205	837
hiatus_hernia	1039	203	836
supraventricular_tachycardia	1037	188	849
urine_output_decreased	1036	161	875
prothrombin_time_prolonged	1036	171	865
toxicity_to_various_agents	1035	229	806
conjunctivitis	1035	212	823
movement_disorder	1034	122	912
nasal_congestion	1034	175	859
emotional_distress	1034	265	769
cholestasis	1033	282	751
dysstasia	1033	152	881
brain_oedema	1032	217	815
electrolyte_imbalance	1031	171	860
nervousness	1030	184	846
blood_triglycerides_increased	1030	201	829
tricuspid_valve_incompetence	1028	249	779
orthostatic_hypotension	1028	194	834
drug_intolerance	1027	158	869
road_traffic_accident	1027	138	889
pneumonitis	1027	170	857
bone_marrow_failure	1026	203	823
rib_fracture	1026	194	832
scar	1026	182	844
neoplasm_malignant	1024	141	883
diverticulitis	1024	180	844
oesophagitis	1023	150	873
dermatitis	1022	195	827
peritonitis	1021	206	815
swollen_tongue	1021	162	859
proteinuria	1021	187	834
stevens-johnson_syndrome	1020	243	777
anaphylactic_shock	1019	229	790
pulmonary_fibrosis	1018	178	840
pain_in_jaw	1017	199	818
mouth_ulceration	1016	178	838
platelet_count_increased	1016	158	858
arthropathy	1014	151	863
petechiae	1014	168	846
eye_pain	1014	192	822
cold_sweat	1014	141	873
aspiration	1013	185	828
gallbladder_disorder	1012	163	849
pharyngeal_oedema	1011	167	844
pharyngitis	1010	237	773
lip_swelling	1009	171	838
tachypnoea	1009	208	801
ill-defined_disorder	1006	138	868
drug_effect_decreased	1006	162	844
drug_eruption	1005	206	799
sleep_apnoea_syndrome	1004	237	767
hypocalcaemia	1004	182	822
paralysis	1004	131	873
bronchospasm	1003	194	809
sensory_disturbance	1003	132	871
haemodialysis	1000	227	773
anuria	999	196	803
faecal_incontinence	998	164	834
night_sweats	998	158	840
refusal_of_treatment_by_patient	998	154	844
eyelid_oedema	997	169	828
cardiac_murmur	997	192	805
depressed_mood	997	158	839
abdominal_pain_lower	996	152	844
eye_swelling	995	150	845
subdural_haematoma	995	168	827
intervertebral_disc_protrusion	994	228	766
drug_administration_error	994	136	858
purpura	992	195	797
splenomegaly	990	195	795
oral_candidiasis	990	198	792
candidiasis	989	168	821
wrong_technique_in_drug_usage_process	989	135	854
eating_disorder	989	142	847
musculoskeletal_chest_pain	989	189	800
bronchopneumonia	986	182	804
laboratory_test_abnormal	983	140	843
bacteraemia	982	207	775
dementia	982	156	826
hypoalbuminaemia	981	210	771
vasculitis	980	139	841
renal_cyst	980	219	761
blood_urine_present	978	116	862
spinal_osteoarthritis	977	263	714
cerebral_ischaemia	975	157	818
mucosal_inflammation	975	206	769
mental_impairment	975	125	850
sinus_bradycardia	974	178	796
arteriosclerosis	974	223	751
therapeutic_response_decreased	973	144	829
angioedema	973	188	785
device_related_infection	973	211	762
osteoporosis	972	147	825
lymphocyte_count_decreased	972	164	808
ecchymosis	971	171	800
emphysema	971	189	782
coordination_abnormal	970	133	837
hypercalcaemia	969	178	791
iron_deficiency_anaemia	968	169	799
acidosis	968	176	792
decubitus_ulcer	968	216	752
ear_pain	967	190	777
hypokinesia	966	130	836
pyelonephritis	965	198	767
agranulocytosis	965	242	723
clostridium_difficile_colitis	964	190	774
lung_neoplasm_malignant	964	144	820
thirst	963	157	806
heart_rate_irregular	962	141	821
hallucination,_visual	962	180	782
suicidal_ideation	961	152	809
peripheral_coldness	960	114	846
faeces_discoloured	960	110	850
flushing	960	138	822
subarachnoid_haemorrhage	959	164	795
adverse_drug_reaction	958	116	842
neuralgia	957	140	817
rales	955	185	770
photophobia	952	153	799
hypersomnia	951	127	824
surgery	950	141	809
diabetes_mellitus_inadequate_control	950	169	781
renal_tubular_necrosis	949	180	769
fluid_overload	947	215	732
infusion_related_reaction	947	134	813
psychotic_disorder	946	178	768
incontinence	945	160	785
lymphoma	945	147	798
electrocardiogram_abnormal	944	150	794
activated_partial_thromboplastin_time_prolonged	944	159	785
hypovolaemia	943	153	790
pseudomonas_infection	943	183	760
muscle_twitching	941	135	806
ataxia	940	145	795
oral_pain	939	170	769
fear	939	191	748
wound	939	171	768
hemiplegia	937	166	771
hypercholesterolaemia	937	200	737
eosinophilia	935	222	713
injection_site_erythema	935	152	783
osteonecrosis	935	114	821
inappropriate_schedule_of_drug_administration	934	135	799
dry_eye	933	185	748
metastases_to_liver	932	158	774
neutrophil_count_increased	932	145	787
hydronephrosis	932	185	747
atrial_flutter	931	147	784
flank_pain	929	173	756
ocular_hyperaemia	927	158	769
panic_attack	927	120	807
vaginal_haemorrhage	926	145	781
toothache	926	173	753
accidental_overdose	925	123	802
oliguria	925	178	747
emotional_disorder	924	183	741
bone_disorder	924	156	768
cardiogenic_shock	924	175	749
osteonecrosis_of_jaw	924	204	720
metastases_to_bone	923	189	734
gingival_bleeding	923	155	768
drug_level_increased	923	141	782
laceration	922	125	797
crying	922	126	796
cerebral_atrophy	921	214	707
staphylococcal_sepsis	921	168	753
coronary_artery_stenosis	920	136	784
protein_total_decreased	920	160	760
ischaemic_stroke	920	150	770
respiratory_rate_increased	919	154	765
mass	918	174	744
hepatic_cirrhosis	918	141	777
rheumatoid_arthritis	918	122	796
joint_stiffness	918	155	763
sciatica	917	158	759
bundle_branch_block_right	917	152	765
post_procedural_haemorrhage	917	126	791
upper_gastrointestinal_haemorrhage	916	118	798
lipase_increased	914	174	740
visual_disturbance	913	167	746
tenderness	912	158	754
lacrimation_increased	911	149	762
hypotonia	910	168	742
erythema_multiforme	910	185	725
escherichia_infection	910	158	752
hypoaesthesia_oral	909	142	767
acute_coronary_syndrome	908	151	757
spinal_compression_fracture	908	151	757
hyperthermia	907	206	701
injection_site_pain	907	160	747
drug_exposure_during_pregnancy	906	296	610
motor_dysfunction	906	138	768
psoriasis	906	124	782
arteriosclerosis_coronary_artery	904	199	705
muscle_atrophy	904	135	769
acute_pulmonary_oedema	904	174	730
aortic_valve_incompetence	903	191	712
left_ventricular_dysfunction	903	213	690
throat_tightness	902	162	740
retching	901	143	758
haemolytic_anaemia	899	173	726
diverticulum	899	185	714
sedation	898	125	773
hepatotoxicity	896	181	715
glaucoma	895	172	723
procedural_complication	895	141	754
excoriation	894	153	741
hyperbilirubinaemia	893	201	692
gastroenteritis_viral	893	147	746
pulmonary_mass	892	184	708
gout	891	111	780
myoclonus	891	159	732
toxic_epidermal_necrolysis	890	253	637
osteopenia	890	183	707
left_ventricular_hypertrophy	890	205	685
throat_irritation	889	120	769
therapy_non-responder	889	166	723
dermatitis_exfoliative	886	176	710
red_blood_cell_sedimentation_rate_increased	884	132	752
pulmonary_haemorrhage	883	215	668
photosensitivity_reaction	883	136	747
acne	883	159	724
hepatic_encephalopathy	883	138	745
lung_neoplasm	883	168	715
necrosis	882	141	741
mood_altered	882	115	767
viith_nerve_paralysis	880	134	746
polyuria	878	141	737
musculoskeletal_discomfort	877	144	733
rash_pustular	876	163	713
coronary_artery_occlusion	876	112	764
pharyngolaryngeal_pain	876	146	730
hypothermia	876	146	730
limb_injury	874	150	724
cholecystitis_acute	874	138	736
localised_infection	874	141	733
hip_fracture	874	126	748
generalised_erythema	873	151	722
eosinophil_count_increased	872	164	708
myelodysplastic_syndrome	872	138	734
angina_unstable	871	137	734
small_intestinal_obstruction	871	154	717
hypoacusis	871	112	759
mydriasis	870	174	696
urosepsis	869	158	711
chest_x-ray_abnormal	868	158	710
colitis_ulcerative	867	128	739
hepatitis_acute	865	159	706
apnoea	865	164	701
adverse_event	863	133	730
joint_injury	863	146	717
restless_legs_syndrome	863	124	739
cachexia	863	166	697
ear_infection	862	130	732
cyst	862	146	716
lower_respiratory_tract_infection	862	180	682
toxic_skin_eruption	862	232	630
hypomagnesaemia	862	141	721
liver_injury	861	129	732
pleurisy	861	149	712
obesity	860	209	651
atrioventricular_block	860	114	746
suicide_attempt	858	183	675
visual_field_defect	857	137	720
pericarditis	857	136	721
lymphopenia	856	190	666
obstructive_airways_disorder	856	131	725
bedridden	856	101	755
intestinal_perforation	855	122	733
polyneuropathy	855	171	684
peripheral_swelling	854	137	717
pulse_absent	854	163	691
blood_pressure_fluctuation	853	120	733
systemic_lupus_erythematosus	853	119	734
delusion	853	144	709
ileus_paralytic	853	197	656
duodenal_ulcer	853	128	725
supraventricular_extrasystoles	852	153	699
breast_cancer	852	111	741
body_temperature_decreased	852	129	723
anhedonia	851	225	626
ischaemia	851	138	713
lobar_pneumonia	851	144	707
prostate_cancer	851	135	716
dermatitis_bullous	851	148	703
hallucination,_auditory	850	165	685
intestinal_ischaemia	850	154	696
paraesthesia_oral	849	136	713
colitis_ischaemic	848	161	687
bundle_branch_block_left	847	133	714
intervertebral_disc_degeneration	846	198	648
haemodynamic_instability	845	185	660
hyperthyroidism	844	105	739
colon_cancer	844	137	707
muscle_rigidity	844	157	687
pneumonia_bacterial	843	146	697
blood_chloride_decreased	843	131	712
dermatitis_allergic	842	117	725
rhinitis	842	156	686
ventricular_hypertrophy	841	161	680
anger	841	102	739
nodule	841	142	699
incoherent	840	100	740
sensory_loss	840	123	717
basal_cell_carcinoma	839	163	676
tooth_disorder	838	118	720
blood_pressure_diastolic_decreased	838	102	736
troponin_increased	838	136	702
appendicitis	837	134	703
bursitis	837	164	673
hyperventilation	836	135	701
blood_pressure_abnormal	835	107	728
limb_discomfort	835	100	735
sinus_disorder	835	143	692
muscle_tightness	834	126	708
neurological_symptom	834	119	715
haemorrhage_intracranial	832	154	678
wound_infection	831	152	679
poor_quality_sleep	830	107	723
diarrhoea_haemorrhagic	829	113	716
dental_caries	829	171	658
mouth_haemorrhage	828	121	707
blood_magnesium_decreased	828	109	719
abdominal_tenderness	827	134	693
glossodynia	827	110	717
tooth_abscess	826	171	655
dilatation_ventricular	825	172	653
metastases_to_lung	825	156	669
hyperaesthesia	823	104	719
blindness_unilateral	822	113	709
injection_site_reaction	822	121	701
psychomotor_hyperactivity	822	134	688
cardiac_failure_acute	821	169	652
blood_culture_positive	821	152	669
gastritis_erosive	820	112	708
laryngeal_oedema	820	150	670
atrioventricular_block_complete	820	153	667
upper_limb_fracture	818	108	710
apathy	818	118	700
micturition_urgency	818	147	671
treatment_failure	818	129	689
type_2_diabetes_mellitus	817	149	668
eyelid_ptosis	817	144	673
haemolysis	817	130	687
neoplasm_progression	816	130	686
palmar-plantar_erythrodysaesthesia_syndrome	816	118	698
streptococcal_infection	815	154	661
extrasystoles	815	125	690
azotaemia	815	176	639
hypertensive_crisis	814	135	679
irritable_bowel_syndrome	814	175	639
difficulty_in_walking	814	140	674
joint_dislocation	814	145	669
myositis	814	134	680
peripheral_vascular_disorder	814	169	645
retinal_haemorrhage	812	148	664
erectile_dysfunction	812	116	696
hepatitis_c	812	125	687
foot_fracture	811	138	673
angiopathy	811	107	704
gastric_ulcer_haemorrhage	810	114	696
crohn's_disease	810	109	701
congestive_cardiomyopathy	810	170	640
phlebitis	810	138	672
cytomegalovirus_infection	809	126	683
skin_burning_sensation	809	102	707
hypernatraemia	809	140	669
inappropriate_antidiuretic_hormone_secretion	808	161	647
tongue_disorder	808	113	695
ventricular_hypokinesia	808	166	642
status_epilepticus	808	151	657
blood_amylase_increased	807	136	671
right_ventricular_failure	807	115	692
gingivitis	807	160	647
systemic_inflammatory_response_syndrome	807	146	661
clostridial_infection	806	148	658
blood_uric_acid_increased	806	118	688
spinal_column_stenosis	806	170	636
salivary_hypersecretion	805	131	674
enterococcal_infection	804	145	659
pain_of_skin	804	128	676
oral_intake_reduced	804	139	665
metastases_to_central_nervous_system	803	125	678
adrenal_insufficiency	803	127	676
carpal_tunnel_syndrome	801	156	645
acute_myeloid_leukaemia	801	140	661
shock_haemorrhagic	801	141	660
nocturia	800	111	689
tooth_extraction	800	101	699
skin_infection	799	152	647
embolism	799	120	679
groin_pain	798	119	679
abortion_spontaneous	798	171	627
aphthous_stomatitis	798	116	682
hepatocellular_injury	798	199	599
breath_sounds_abnormal	797	146	651
skin_reaction	797	116	681
eye_movement_disorder	795	122	673
electroencephalogram_abnormal	795	136	659
computerised_tomogram_abnormal	795	133	662
tubulointerstitial_nephritis	795	149	646
cholecystectomy	795	108	687
oral_disorder	795	136	659
ankle_fracture	795	111	684
tendonitis	794	111	683
scab	794	117	677
diverticulum_intestinal	793	163	630
blood_creatine_increased	793	101	692
hydrocephalus	793	125	668
decreased_activity	792	101	691
drug-induced_liver_injury	792	170	622
kidney_infection	791	115	676
blood_pressure_systolic_decreased	791	126	665
cardiopulmonary_failure	790	119	671
wrong_drug_administered	789	143	646
glycosylated_haemoglobin_increased	789	102	687
fibromyalgia	788	149	639
therapeutic_agent_toxicity	788	125	663
lactic_acidosis	788	172	616
joint_effusion	788	145	643
acute_kidney_injury	788	131	657
procedural_pain	787	120	667
normochromic_normocytic_anaemia	787	132	655
pelvic_pain	787	130	657
oral_herpes	787	113	674
therapeutic_response_unexpected	787	125	662
herpes_simplex	787	126	661
squamous_cell_carcinoma	787	122	665
acute_hepatic_failure	786	148	638
eye_pruritus	786	115	671
cheilitis	786	139	647
bladder_disorder	786	105	681
myopathy	785	127	658
central_nervous_system_lesion	785	105	680
drug_dispensing_error	784	126	658
joint_range_of_motion_decreased	784	154	630
facial_pain	784	143	641
disability	783	157	626
atrioventricular_block_first_degree	782	126	656
pharmaceutical_product_complaint	781	164	617
fibrin_d_dimer_increased	781	126	655
hepatitis_cholestatic	780	151	629
general_physical_condition_abnormal	780	110	670
exostosis	779	167	612
facial_palsy	779	113	666
pathological_fracture	778	167	611
paranoia	777	129	648
sinus_congestion	775	129	646
nephrotic_syndrome	775	149	626
dyslipidaemia	774	201	573
carotid_artery_stenosis	774	148	626
large_intestine_perforation	773	112	661
purulent_discharge	772	151	621
mood_swings	772	118	654
mania	771	141	630
eye_irritation	770	117	653
hepatic_cyst	770	165	605
renal_pain	770	104	666
multiple_sclerosis	769	114	655
hypertriglyceridaemia	769	164	605
odynophagia	768	113	655
hepatic_necrosis	768	142	626
klebsiella_infection	768	128	640
impaired_gastric_emptying	767	160	607
escherichia_urinary_tract_infection	767	121	646
meningitis	767	121	646
nephropathy	767	124	643
aortic_aneurysm	767	114	653
lymphoedema	766	152	614
rhinitis_allergic	765	188	577
glomerular_filtration_rate_decreased	765	112	653
hospitalisation	764	102	662
thrombophlebitis	764	137	627
benign_prostatic_hyperplasia	764	150	614
maternal_exposure_during_pregnancy	763	200	563
brain_natriuretic_peptide_increased	763	111	652
pancreatic_carcinoma	762	100	662
respiratory_depression	761	112	649
increased_appetite	760	117	643
incorrect_route_of_drug_administration	759	110	649
orthopnoea	759	151	608
rotator_cuff_syndrome	758	131	627
hypophosphataemia	758	141	617
glucose_tolerance_impaired	755	126	629
metabolic_disorder	755	100	655
lung_consolidation	755	126	629
injection_site_swelling	754	110	644
fibrosis	754	154	600
tuberculosis	753	112	641
product_quality_issue	752	117	635
diabetic_ketoacidosis	752	123	629
ovarian_cyst	752	132	620
skin_necrosis	752	123	629
metastases_to_lymph_nodes	751	147	604
faecaloma	751	114	637
tooth_loss	751	143	608
hyperuricaemia	751	141	610
colonic_polyp	750	141	609
staphylococcal_bacteraemia	750	142	608
serum_ferritin_increased	750	126	624
failure_to_thrive	749	160	589
hyperkeratosis	749	152	597
vitamin_d_deficiency	748	114	634
encephalitis	748	128	620
ventricular_dysfunction	747	134	613
protein_urine_present	747	101	646
pregnancy	747	163	584
subcutaneous_abscess	747	118	629
oedema_mouth	746	100	646
endocarditis	746	153	593
duodenitis	746	136	610
proctalgia	745	123	622
venous_thrombosis	745	130	615
cytolytic_hepatitis	745	240	505
dermatitis_contact	744	124	620
compression_fracture	744	160	584
muscle_strain	744	124	620
breast_mass	744	121	623
nystagmus	743	110	633
premature_baby	743	206	537
exposure_during_pregnancy	743	183	560
diastolic_dysfunction	742	160	582
oesophageal_candidiasis	742	144	598
spinal_disorder	741	107	634
economic_problem	741	216	525
brain_injury	741	117	624
cardiac_valve_disease	740	126	614
cerebrovascular_disorder	740	106	634
bipolar_disorder	740	107	633
crepitations	740	108	632
gingival_pain	737	109	628
goitre	736	127	609
immunosuppression	736	116	620
fistula	735	105	630
candida_infection	735	140	595
tooth_infection	735	130	605
extrapyramidal_disorder	735	137	598
polydipsia	733	106	627
haemorrhagic_stroke	733	107	626
drug_resistance	733	140	593
humerus_fracture	732	114	618
feeling_jittery	731	101	630
pigmentation_disorder	731	116	615
creatinine_renal_clearance_decreased	731	111	620
hepatocellular_damage	730	115	615
renal_injury	730	124	606
otitis_media	729	168	561
major_depression	729	130	599
areflexia	729	134	595
femoral_neck_fracture	728	114	614
caesarean_section	728	220	508
drug_dose_omission	727	103	624
idiopathic_thrombocytopenic_purpura	727	106	621
jaundice_cholestatic	727	121	606
localised_oedema	727	114	613
tooth_fracture	727	130	597
pleuritic_pain	725	118	607
lumbar_spinal_stenosis	725	155	570
skin_cancer	725	111	614
inguinal_hernia	724	119	605
cholecystitis_chronic	724	125	599
enterocolitis	723	164	559
hiccups	723	113	610
parkinsonism	723	136	587
cholangitis	722	105	617
electrocardiogram_st_segment_depression	722	103	619
myocarditis	721	111	610
drug_ineffective_for_unapproved_indication	721	113	608
ligament_sprain	721	125	596
granulocytopenia	719	112	607
thrombophlebitis_superficial	719	130	589
drug_dependence	718	135	583
bilirubin_conjugated_increased	717	106	611
hepatic_lesion	716	145	571
tachyarrhythmia	716	130	586
intentional_overdose	715	147	568
seizure	715	100	615
peripheral_ischaemia	714	139	575
intracranial_pressure_increased	714	121	593
aortic_arteriosclerosis	713	156	557
sick_sinus_syndrome	713	135	578
left_ventricular_failure	713	107	606
diabetic_neuropathy	713	140	573
respiratory_acidosis	713	138	575
electrocardiogram_t_wave_inversion	712	106	606
hypovolaemic_shock	712	122	590
varicose_vein	711	119	592
haemorrhagic_diathesis	710	127	583
psychiatric_symptom	710	121	589
torsade_de_pointes	709	162	547
clostridium_difficile_infection	709	126	583
oesophageal_ulcer	708	101	607
pneumonia_staphylococcal	707	117	590
sputum_discoloured	707	122	585
periorbital_oedema	707	109	598
lacunar_infarction	706	127	579
peptic_ulcer	706	130	576
enteritis	705	119	586
aortic_stenosis	705	121	584
retinal_detachment	704	113	591
hypercapnia	704	106	598
ocular_icterus	703	130	573
blood_ph_decreased	703	112	591
bronchopulmonary_aspergillosis	703	120	583
gastric_cancer	702	109	593
laryngitis	702	104	598
non-hodgkin's_lymphoma	702	107	595
left_atrial_dilatation	702	180	522
wound_secretion	702	105	597
personality_change	701	101	600
dysaesthesia	701	126	575
bacterial_sepsis	700	125	575
nephropathy_toxic	700	111	589
blood_iron_decreased	699	107	592
dystonia	699	108	591
metabolic_encephalopathy	699	145	554
stomach_discomfort	698	112	586
hepatitis_fulminant	698	167	531
intervertebral_disc_disorder	698	138	560
aplastic_anaemia	698	107	591
cardiac_tamponade	698	119	579
angioneurotic_oedema	698	103	595
pulmonary_alveolar_haemorrhage	698	150	548
malignant_melanoma	697	112	585
hepatosplenomegaly	697	127	570
ventricular_arrhythmia	697	124	573
peripheral_sensory_neuropathy	697	110	587
vitreous_floaters	696	121	575
asphyxia	696	111	585
scoliosis	695	156	539
folliculitis	691	123	568
uterine_leiomyoma	691	124	567
electrocardiogram_st_segment_elevation	690	132	558
skin_hyperpigmentation	690	115	575
non-cardiac_chest_pain	689	100	589
gangrene	689	112	577
dilatation_atrial	689	118	571
skin_irritation	687	109	578
deformity	686	160	526
stupor	686	114	572
pulmonary_infarction	686	101	585
furuncle	684	100	584
metastatic_neoplasm	684	110	574
hypertonia	683	108	575
immunodeficiency	683	118	565
walking_aid_user	683	102	581
leukocytoclastic_vasculitis	681	112	569
type_1_diabetes_mellitus	678	134	544
gastrointestinal_necrosis	678	116	562
bronchiectasis	678	117	561
trismus	676	118	558
macular_degeneration	675	115	560
pseudomembranous_colitis	675	139	536
pneumocystis_jiroveci_pneumonia	675	111	564
skin_laceration	675	101	574
blood_lactic_acid_increased	674	101	573
drug_rash_with_eosinophilia_and_systemic_symptoms	673	167	506
catheter_related_infection	671	121	550
hyporeflexia	671	116	555
neurotoxicity	670	152	518
blood_bicarbonate_decreased	669	102	567
hypoxic-ischaemic_encephalopathy	669	125	544
blood_count_abnormal	666	104	562
ischaemic_cardiomyopathy	665	137	528
peroneal_nerve_palsy	665	109	556
decreased_interest	665	141	524
abdominal_hernia	664	139	525
snoring	664	125	539
intraocular_pressure_increased	663	113	550
eye_discharge	663	108	555
gynaecomastia	663	101	562
deafness_neurosensory	662	147	515
foot_deformity	662	111	551
affective_disorder	662	103	559
large_intestine_polyp	662	130	532
hepatic_congestion	661	101	560
sinus_headache	661	114	547
anaphylactoid_reaction	660	122	538
stridor	659	110	549
escherichia_sepsis	658	111	547
onychomycosis	657	165	492
wound_dehiscence	657	137	520
culture_urine_positive	657	103	554
muscle_contractions_involuntary	656	104	552
gingival_swelling	655	108	547
vitamin_b12_deficiency	654	100	554
neuroleptic_malignant_syndrome	653	127	526
bone_lesion	653	183	470
abdominal_abscess	652	110	542
hepatitis_toxic	652	120	532
brain_herniation	652	107	545
renal_tubular_disorder	652	124	528
neuropathy	651	103	548
guillain-barre_syndrome	650	115	535
erysipelas	650	119	531
miosis	647	121	526
papilloedema	647	101	546
maternal_drugs_affecting_foetus	647	186	461
accidental_exposure	647	101	546
pleural_fibrosis	642	144	498
hyperreflexia	642	106	536
reflux_oesophagitis	641	100	541
leukoencephalopathy	641	117	524
acute_sinusitis	640	143	497
hand_fracture	640	100	540
hepatic_fibrosis	639	107	532
umbilical_hernia	638	111	527
injection_site_bruising	637	109	528
cerebral_haematoma	636	122	514
blood_phosphorus_decreased	634	110	524
serotonin_syndrome	631	146	485
tumour_lysis_syndrome	631	119	512
endotracheal_intubation	630	103	527
staphylococcus_test_positive	630	110	520
acute_generalised_exanthematous_pustulosis	629	154	475
synovial_cyst	629	141	488
arthritis_bacterial	628	102	526
osteitis	628	138	490
prostatitis	628	112	516
hypertensive_heart_disease	626	119	507
metastases_to_spine	625	154	471
livedo_reticularis	625	106	519
toxic_encephalopathy	624	105	519
amenorrhoea	623	105	518
pyelonephritis_acute	623	110	513
sputum_culture_positive	623	123	500
spinal_cord_compression	622	104	518
portal_vein_thrombosis	621	104	517
paronychia	621	117	504
raynaud's_phenomenon	620	109	511
histiocytosis_haematophagic	620	134	486
loose_tooth	620	142	478
neutropenic_sepsis	619	131	488
bronchitis_chronic	619	104	515
chronic_sinusitis	619	156	463
neurogenic_bladder	619	128	491
skin_tightness	618	131	487
drug_reaction_with_eosinophilia_and_systemic_symptoms	617	155	462
calculus_ureteric	615	115	500
haemangioma	613	107	506
pupillary_reflex_impaired	613	120	493
nephritis_interstitial	613	115	498
echocardiogram_abnormal	612	124	488
mechanical_ventilation	612	109	503
progressive_multifocal_leukoencephalopathy	611	125	486
premature_labour	610	137	473
pathogen_resistance	610	103	507
spinal_pain	609	105	504
essential_hypertension	609	120	489
anaemia_macrocytic	608	100	508
osteolysis	608	160	448
skin_hypertrophy	608	141	467
rash_morbilliform	608	104	504
electromechanical_dissociation	607	113	494
atrophy	606	101	505
subileus	606	125	481
pancreatitis_chronic	603	104	499
expired_drug_administered	602	101	501
rhonchi	602	115	487
intermittent_claudication	601	114	487
hypoproteinaemia	601	108	493
venous_insufficiency	600	108	492
periodontitis	600	114	486
hysterectomy	598	103	495
thrombotic_microangiopathy	598	100	498
tardive_dyskinesia	597	111	486
skin_induration	596	131	465
mastication_disorder	595	121	474
lymphadenopathy_mediastinal	594	115	479
pulseless_electrical_activity	594	120	474
cystitis_haemorrhagic	593	109	484
cerebellar_syndrome	593	109	484
uveitis	592	102	490
upper-airway_cough_syndrome	592	110	482
retinopathy	591	112	479
peritonitis_bacterial	589	120	469
pupil_fixed	587	105	482
post-traumatic_stress_disorder	587	108	479
jugular_vein_thrombosis	587	104	483
foetal_exposure_during_pregnancy	587	129	458
lymphadenitis	587	103	484
arteriospasm_coronary	586	119	467
vena_cava_thrombosis	586	113	473
conjunctival_hyperaemia	586	130	456
blepharitis	586	109	477
radiculopathy	585	132	453
diabetic_nephropathy	585	121	464
hyperammonaemia	585	109	476
macular_oedema	583	110	473
osteosclerosis	583	172	411
melanocytic_naevus	583	111	472
multiple_injuries	582	104	478
skin_plaque	582	102	480
nephrogenic_systemic_fibrosis	582	115	467
aortic_calcification	580	145	435
pneumonia_fungal	578	108	470
aortic_valve_stenosis	577	100	477
abortion_induced	573	137	436
pneumonia_klebsiella	573	108	465
vaginal_infection	572	116	456
scleroderma	572	104	468
abdominal_mass	571	109	462
kyphosis	570	152	418
bone_marrow_depression	569	102	467
posterior_reversible_encephalopathy_syndrome	569	112	457
actinic_keratosis	568	119	449
renal_atrophy	567	108	459
organising_pneumonia	567	104	463
completed_suicide	565	137	428
exposed_bone_in_jaw	565	164	401
inflammatory_bowel_disease	556	101	455
exfoliative_rash	556	104	452
diabetes_mellitus_non-insulin-dependent	555	107	448
plantar_fasciitis	555	105	450
diabetic_retinopathy	555	117	438
atrial_septal_defect	554	103	451
hyperparathyroidism	553	117	436
spondylolisthesis	553	117	436
dermal_cyst	553	114	439
hallucinations,_mixed	551	105	446
jaw_fracture	550	112	438
continuous_haemodiafiltration	550	108	442
enterobacter_infection	549	100	449
bone_loss	548	117	431
otitis_externa	546	126	420
stress_cardiomyopathy	542	112	430
cervical_spinal_stenosis	542	129	413
mitral_valve_prolapse	541	110	431
lumbar_radiculopathy	541	132	409
keratitis	541	119	422
attention_deficit_hyperactivity_disorder	538	102	436
primary_sequestrum	537	138	399
vascular_calcification	536	132	404
pulmonary_valve_incompetence	534	137	397
mitral_valve_calcification	534	118	416
second_primary_malignancy	532	116	416
joint_contracture	530	106	424
skin_erosion	530	107	423
product_substitution_issue	529	102	427
bipolar_i_disorder	527	101	426
pulmonary_granuloma	522	123	399
periodontal_disease	520	106	414
akinesia	518	100	418
colon_adenoma	517	104	413
ingrowing_nail	515	113	402
drug_abuse	513	104	409
seborrhoeic_keratosis	512	123	389
upper_respiratory_tract_inflammation	511	128	383
multiple_drug_overdose	510	108	402
vertigo_positional	509	104	405
cerumen_impaction	497	102	395
cardiotoxicity	496	108	388
nasal_septum_deviation	470	104	366
fungaemia	470	100	370
gingival_recession	468	117	351
chorea	465	108	357
persecutory_delusion	463	100	363
lymphocyte_stimulation_test_positive	459	128	331
vertebral_foraminal_stenosis	453	135	318
bone_erosion	448	101	347
febrile_bone_marrow_aplasia	447	129	318
intervertebral_disc_space_narrowing	442	116	326
cerebral_small_vessel_ischaemic_disease	441	101	340
facet_joint_syndrome	434	125	309
neonatal_respiratory_distress_syndrome	433	122	311
intra-uterine_death	429	122	307
actinomycosis	428	104	324
venoocclusive_liver_disease	423	100	323
neonatal_disorder	423	112	311
foetal_growth_restriction	414	111	303
tobacco_abuse	409	121	288
skin_fibrosis	406	107	299
bone_fragmentation	397	104	293
lung_hyperinflation	394	100	294
patent_ductus_arteriosus	376	107	269
stillbirth	371	105	266
foetal_growth_retardation	360	101	259
